<?xml version="1.0"?>
<opencv_storage>
<images>
imgs/0105.jpg
imgs/0106.jpg
imgs/0107.jpg
imgs/0108.jpg
imgs/0109.jpg
imgs/0110.jpg
imgs/0111.jpg
imgs/0112.jpg
imgs/0113.jpg
imgs/0114.jpg
imgs/0115.jpg
imgs/0116.jpg
imgs/0117.jpg
imgs/0118.jpg
imgs/0119.jpg
imgs/0120.jpg
imgs/0121.jpg
imgs/0122.jpg
imgs/0123.jpg
imgs/0124.jpg
imgs/0125.jpg
imgs/0126.jpg
imgs/0127.jpg
imgs/0128.jpg
imgs/0129.jpg
imgs/0130.jpg
imgs/0131.jpg
imgs/0132.jpg
imgs/0133.jpg
imgs/0134.jpg
imgs/0135.jpg
imgs/0136.jpg
imgs/0138.jpg
imgs/0139.jpg
imgs/0140.jpg
imgs/0141.jpg
imgs/0142.jpg
imgs/0143.jpg
imgs/0144.jpg
imgs/0145.jpg
imgs/0146.jpg
imgs/0147.jpg
imgs/0148.jpg
imgs/0149.jpg
imgs/0150.jpg
imgs/0151.jpg
imgs/0152.jpg
imgs/0153.jpg
imgs/0154.jpg
imgs/0155.jpg
imgs/0156.jpg
imgs/0157.jpg
imgs/0158.jpg
imgs/0159.jpg
imgs/0160.jpg
imgs/0161.jpg
imgs/0162.jpg
imgs/0163.jpg
imgs/0164.jpg
imgs/0165.jpg
imgs/0166.jpg
imgs/0167.jpg
imgs/0194.jpg
imgs/0195.jpg
imgs/0196.jpg
imgs/0197.jpg
imgs/0198.jpg
imgs/0199.jpg
imgs/0200.jpg
imgs/0201.jpg
imgs/0202.jpg
imgs/0203.jpg
imgs/0204.jpg
imgs/0205.jpg
imgs/0206.jpg
imgs/0207.jpg
imgs/0208.jpg
imgs/0209.jpg
imgs/0210.jpg
imgs/0211.jpg
imgs/0212.jpg
imgs/0213.jpg
imgs/0214.jpg
imgs/0215.jpg
imgs/0216.jpg
imgs/0217.jpg
imgs/0218.jpg
imgs/0219.jpg
imgs/0220.jpg
imgs/0221.jpg
imgs/0222.jpg
imgs/0223.jpg
imgs/0224.jpg
imgs/0225.jpg
imgs/0226.jpg
imgs/0227.jpg
imgs/0228.jpg
imgs/0229.jpg
imgs/0230.jpg
imgs/0231.jpg
imgs/0232.jpg
imgs/0233.jpg
imgs/0234.jpg
imgs/0235.jpg
imgs/0236.jpg
imgs/0237.jpg
imgs/0238.jpg
imgs/0239.jpg
imgs/0240.jpg
imgs/0241.jpg
imgs/0242.jpg
imgs/0243.jpg
imgs/0244.jpg
imgs/0245.jpg
imgs/0246.jpg
imgs/0247.jpg
imgs/0249.jpg
imgs/0250.jpg
imgs/0251.jpg
imgs/0252.jpg
imgs/0253.jpg
imgs/0254.jpg
imgs/0255.jpg
imgs/0256.jpg
imgs/0257.jpg
imgs/0259.jpg
imgs/0260.jpg
imgs/0261.jpg
imgs/0262.jpg
imgs/0263.jpg
imgs/0264.jpg
imgs/0265.jpg
imgs/0266.jpg
imgs/0267.jpg
imgs/0268.jpg
imgs/0269.jpg
imgs/0270.jpg
imgs/0271.jpg
imgs/0272.jpg
imgs/0273.jpg
imgs/0274.jpg
imgs/0275.jpg
imgs/0276.jpg
imgs/0277.jpg
imgs/0278.jpg
imgs/0279.jpg
imgs/0280.jpg
imgs/0281.jpg
imgs/0282.jpg
imgs/0283.jpg
imgs/0284.jpg
imgs/0285.jpg
imgs/0286.jpg
imgs/0287.jpg
imgs/0288.jpg
imgs/0289.jpg
imgs/0290.jpg
imgs/0291.jpg
imgs/0292.jpg
imgs/0293.jpg
imgs/0294.jpg
imgs/0295.jpg
imgs/0296.jpg
imgs/0297.jpg
imgs/0298.jpg
imgs/0299.jpg
imgs/0300.jpg
imgs/0301.jpg
imgs/0302.jpg
imgs/0303.jpg
imgs/0304.jpg
imgs/0306.jpg
imgs/0307.jpg
imgs/0308.jpg
imgs/0309.jpg
imgs/0310.jpg
imgs/0311.jpg
imgs/0313.jpg
imgs/0314.jpg
imgs/0315.jpg
imgs/0316.jpg
imgs/0317.jpg
imgs/0318.jpg
imgs/0319.jpg
imgs/0320.jpg
imgs/0321.jpg
imgs/0322.jpg
imgs/0323.jpg
imgs/0324.jpg
imgs/0325.jpg
imgs/0326.jpg
imgs/0328.jpg
imgs/0329.jpg
imgs/0330.jpg
imgs/0331.jpg
imgs/0332.jpg
imgs/0333.jpg
imgs/0334.jpg
imgs/0335.jpg
imgs/0336.jpg
imgs/0337.jpg
imgs/0338.jpg
imgs/0339.jpg
imgs/0340.jpg
imgs/0341.jpg
imgs/0342.jpg
imgs/0343.jpg
imgs/0344.jpg
imgs/0345.jpg
imgs/0346.jpg
imgs/0347.jpg
imgs/0348.jpg
imgs/0349.jpg
imgs/0350.jpg
imgs/0351.jpg
imgs/0352.jpg
imgs/0353.jpg
imgs/0355.jpg
imgs/0356.jpg
imgs/0357.jpg
imgs/0358.jpg
imgs/0359.jpg
imgs/0360.jpg
imgs/0361.jpg
imgs/0362.jpg
imgs/0364.jpg
imgs/0365.jpg
imgs/0366.jpg
imgs/0367.jpg
imgs/0368.jpg
imgs/0369.jpg
imgs/0370.jpg
imgs/0371.jpg
imgs/0372.jpg
imgs/0373.jpg
imgs/0375.jpg
imgs/0376.jpg
imgs/0377.jpg
imgs/0378.jpg
imgs/0379.jpg
imgs/0380.jpg
imgs/0381.jpg
imgs/0382.jpg
imgs/0383.jpg
imgs/0384.jpg
imgs/0385.jpg
imgs/0386.jpg
imgs/0387.jpg
imgs/0388.jpg
imgs/0389.jpg
imgs/0390.jpg
imgs/0391.jpg
imgs/0392.jpg
imgs/0393.jpg
imgs/0394.jpg
imgs/0395.jpg
imgs/0396.jpg
imgs/0397.jpg
imgs/0398.jpg
imgs/0399.jpg
imgs/0400.jpg
imgs/0401.jpg
imgs/0402.jpg
imgs/0403.jpg
imgs/0404.jpg
imgs/0405.jpg
imgs/0406.jpg
imgs/0407.jpg
imgs/0408.jpg
imgs/0409.jpg
imgs/0410.jpg
imgs/0411.jpg
imgs/0412.jpg
imgs/0413.jpg
imgs/0414.jpg
imgs/0415.jpg
imgs/0416.jpg
imgs/0417.jpg
imgs/0418.jpg
imgs/0419.jpg
imgs/0420.jpg
imgs/0421.jpg
imgs/0422.jpg
imgs/0423.jpg
imgs/0424.jpg
imgs/0425.jpg
imgs/0426.jpg
imgs/0427.jpg
imgs/0428.jpg
imgs/0429.jpg
imgs/0430.jpg
imgs/0431.jpg
imgs/0432.jpg
imgs/0433.jpg
imgs/0434.jpg
imgs/0435.jpg
imgs/0436.jpg
imgs/0437.jpg
imgs/0438.jpg
imgs/0440.jpg
imgs/0441.jpg
imgs/0442.jpg
imgs/0443.jpg
imgs/0444.jpg
imgs/0445.jpg
imgs/0446.jpg
imgs/0447.jpg
imgs/0448.jpg
imgs/0449.jpg
imgs/0450.jpg
imgs/0451.jpg
imgs/0452.jpg
imgs/0453.jpg
imgs/0454.jpg
imgs/0455.jpg
imgs/0456.jpg
imgs/0457.jpg
imgs/0458.jpg
imgs/0460.jpg
imgs/0461.jpg
imgs/0462.jpg
imgs/0463.jpg
imgs/0464.jpg
imgs/0465.jpg
imgs/0466.jpg
imgs/0467.jpg
imgs/0468.jpg
imgs/0469.jpg
imgs/0470.jpg
imgs/0471.jpg
imgs/0472.jpg
imgs/0473.jpg
imgs/0474.jpg
imgs/0475.jpg
imgs/0476.jpg
imgs/0477.jpg
imgs/0478.jpg
imgs/0479.jpg
imgs/0480.jpg
imgs/0481.jpg
imgs/0482.jpg
imgs/0484.jpg
imgs/0485.jpg
imgs/0486.jpg
imgs/0487.jpg
imgs/0488.jpg
imgs/0490.jpg
imgs/0491.jpg
imgs/0492.jpg
imgs/0493.jpg
imgs/0494.jpg
imgs/0495.jpg
imgs/0497.jpg
imgs/0498.jpg
imgs/0499.jpg
imgs/0500.jpg
imgs/0501.jpg
imgs/0502.jpg
imgs/0503.jpg
imgs/0504.jpg
imgs/0505.jpg
imgs/0507.jpg
imgs/0508.jpg
imgs/0509.jpg
imgs/0510.jpg
imgs/0511.jpg
imgs/0512.jpg
imgs/0513.jpg
imgs/0514.jpg
imgs/0515.jpg
imgs/0516.jpg
imgs/0517.jpg
imgs/0518.jpg
imgs/0519.jpg
imgs/0520.jpg
imgs/0521.jpg
imgs/0522.jpg
imgs/0523.jpg
imgs/0524.jpg
imgs/0525.jpg
imgs/0526.jpg
imgs/0527.jpg
</images>
</opencv_storage>