<?xml version="1.0"?>
<opencv_storage>
<calibration_Time>"Fri 23 Jan 2015 11:44:32 AM EST"</calibration_Time>
<nrOfFrames>25</nrOfFrames>
<image_Width>640</image_Width>
<image_Height>480</image_Height>
<board_Width>8</board_Width>
<board_Height>6</board_Height>
<square_Size>26.</square_Size>
<flagValue>0</flagValue>
<Camera_Matrix type_id="opencv-matrix">
  <rows>3</rows>
  <cols>3</cols>
  <dt>d</dt>
  <data>
    7.2434508362823397e+02 0. 3.1232994017160644e+02 0.
    7.2412307134397406e+02 2.0310961045807585e+02 0. 0. 1.</data></Camera_Matrix>
<Distortion_Coefficients type_id="opencv-matrix">
  <rows>5</rows>
  <cols>1</cols>
  <dt>d</dt>
  <data>
    -3.9882585633739537e-01 3.2175774392007117e-01
    -3.9108483303517902e-04 -2.6571677995763949e-03
    -1.2280283436331971e-01</data></Distortion_Coefficients>
<Avg_Reprojection_Error>2.0574115889170475e-01</Avg_Reprojection_Error>
<Per_View_Reprojection_Errors type_id="opencv-matrix">
  <rows>25</rows>
  <cols>1</cols>
  <dt>f</dt>
  <data>
    2.22736329e-01 2.08259001e-01 1.97134405e-01 2.07327098e-01
    2.28722945e-01 2.24699706e-01 2.10877359e-01 2.38596722e-01
    2.24050492e-01 2.46980593e-01 2.45249242e-01 2.29919791e-01
    2.25672618e-01 2.41338789e-01 2.40090892e-01 2.03480527e-01
    2.18862385e-01 2.45168895e-01 2.33536035e-01 1.49412379e-01
    1.19440593e-01 1.04305491e-01 1.13150470e-01 1.09895542e-01
    1.08985253e-01</data></Per_View_Reprojection_Errors>
<!-- a set of 6-tuples (rotation vector + translation vector) for each view -->
<Extrinsic_Parameters type_id="opencv-matrix">
  <rows>25</rows>
  <cols>6</cols>
  <dt>d</dt>
  <data>
    -1.7705299376923475e-01 -4.5803905876978723e-01
    -1.3967905159708005e-01 -2.6815787974279539e+02
    -8.6439779082893224e+01 7.4675966902193284e+02
    -1.8838341483754165e-01 -5.0390823164018295e-01
    -1.4294587058270722e-01 -2.5706087427840009e+02
    -8.6519294894825180e+01 7.4763319038114196e+02
    -1.8892324307248359e-01 -5.2327120873853772e-01
    -1.4686755660271023e-01 -2.4673913235647896e+02
    -8.7222867089202452e+01 7.4931037320104178e+02
    -1.9431603286660543e-01 -5.3050854229928435e-01
    -1.5488906003296740e-01 -2.3731950879126467e+02
    -8.8248606812434474e+01 7.5408267016473178e+02
    -1.7703440870275947e-01 -4.9823295402094181e-01
    -1.5627173813203879e-01 -2.2709533511842466e+02
    -8.9942244035627851e+01 7.6542265603374483e+02
    -1.6786933159580220e-01 -4.2653264719838752e-01
    -1.5881287096657878e-01 -2.2660437814249025e+02
    -9.1032487760351131e+01 7.7680544834765578e+02
    -1.2936549110701945e-01 -1.8125733242478598e-01
    -3.6582671509179043e-02 -2.0232677549608206e+02
    -1.1106176233296488e+02 8.2469788146467431e+02
    -1.3211064807473424e-01 -2.9221088807905771e-01
    -4.6361376181379040e-02 -2.0037507790183636e+02
    -1.1392549038904301e+02 8.1080538581777512e+02
    -1.3370383372524186e-01 -3.3018968132269677e-01
    -3.8388558343562480e-02 -1.9857442934770165e+02
    -1.1421013189202569e+02 8.0460180009142027e+02
    -1.3014317006402074e-01 -3.5885300778206980e-01
    -2.0859745888627726e-02 -1.9518059290236840e+02
    -1.1377821647280238e+02 7.9903490803025363e+02
    -1.2750903750299930e-01 -3.8230768759780481e-01
    -3.0780532700552818e-03 -1.9138140549157822e+02
    -1.1186421782063290e+02 7.9553466784528166e+02
    -1.2543292341760751e-01 -3.4737366677526132e-01
    1.0093981400283406e-03 -1.9216023261825924e+02
    -1.0890592778415785e+02 7.9957547561658077e+02
    -1.2020004956151611e-01 -2.8184014654664780e-01
    -7.2610401364676929e-03 -1.9484628939843080e+02
    -1.0679200377479405e+02 8.0587782610198326e+02
    1.4845908038575852e-02 2.3702708308744255e-01
    -7.6204708388677753e-02 -1.9232460992018773e+02
    -1.0546117420970901e+02 8.5340139745046190e+02
    6.0901048891229909e-02 3.3431061761434749e-01
    -9.9168350232463245e-02 -1.9159725985749287e+02
    -1.0480578934238635e+02 8.6139656377542872e+02
    8.4016074742374061e-02 3.9076642302961723e-01
    -1.1588533244181955e-01 -1.9246232649220264e+02
    -1.0358560624488607e+02 8.6345030281170864e+02
    8.6545740124371121e-02 4.3136824881480840e-01
    -1.1500743145881938e-01 -1.9397448783402359e+02
    -9.8967928746833138e+01 8.6081969534566247e+02
    8.7463816574179051e-02 4.1691599709924942e-01
    -9.3789595161107117e-02 -1.9473174026671248e+02
    -9.3411346516022121e+01 8.5701591039800860e+02
    5.2207826584504749e-02 2.4383464377346409e-01 1.2732533348523678e-01
    -1.9285641216504283e+02 -1.0067585795307791e+02
    8.3964224749554421e+02 3.6719361730248645e-02 1.6406116930157630e-01
    2.8830662967922643e-01 -1.8204541660379527e+02
    -1.2019016473333934e+02 8.3034031880172779e+02
    1.0409624729886040e-01 3.7494086072204495e-02 4.7729325788621763e-01
    -1.7090510690677533e+02 -1.8055742723169664e+02
    8.3883418533016368e+02 2.0176937525451427e-01 9.8568210105819329e-03
    4.6967994677737135e-01 -1.7116474375372704e+02
    -1.7242651086985776e+02 8.2786916002432918e+02
    2.2363763222298191e-01 -2.1961918171157536e-03
    4.7924314294646020e-01 -1.6877567155453255e+02
    -1.6783948408128359e+02 8.2395031157421590e+02
    2.7544982722798894e-01 -3.1923234458361364e-02
    5.3628930383236351e-01 -1.6485395726879955e+02
    -1.6004854286046339e+02 8.1676125931065542e+02
    3.1465419926133120e-01 -3.5970720439765319e-02
    5.5640953212658462e-01 -1.6940513012347125e+02
    -1.5478813675862892e+02 8.1599367349642978e+02</data></Extrinsic_Parameters>
