<?xml version="1.0"?>
<opencv_storage>
<calibration_Time>"Fri 16 Jan 2015 02:45:45 PM EST"</calibration_Time>
<nrOfFrames>25</nrOfFrames>
<image_Width>640</image_Width>
<image_Height>480</image_Height>
<board_Width>8</board_Width>
<board_Height>6</board_Height>
<square_Size>26.</square_Size>
<flagValue>0</flagValue>
<Camera_Matrix type_id="opencv-matrix">
  <rows>3</rows>
  <cols>3</cols>
  <dt>d</dt>
  <data>
    7.2719606008661424e+02 0. 3.1889431359075871e+02 0.
    7.2421735121644656e+02 1.8497490921833668e+02 0. 0. 1.</data></Camera_Matrix>
<Distortion_Coefficients type_id="opencv-matrix">
  <rows>5</rows>
  <cols>1</cols>
  <dt>d</dt>
  <data>
    -3.0726364131082201e-01 -3.9596701669508116e-01
    1.9206226086681160e-03 4.5513692390389210e-03 3.0345222108251013e+00</data></Distortion_Coefficients>
<Avg_Reprojection_Error>2.5666446649191216e-01</Avg_Reprojection_Error>
<Per_View_Reprojection_Errors type_id="opencv-matrix">
  <rows>25</rows>
  <cols>1</cols>
  <dt>f</dt>
  <data>
    2.71352947e-01 2.80386120e-01 2.84563392e-01 2.85306633e-01
    3.29867899e-01 3.08068544e-01 2.52175599e-01 2.35202909e-01
    2.86579221e-01 2.65108615e-01 2.60233939e-01 2.61249930e-01
    2.78590024e-01 2.65364319e-01 2.63415486e-01 2.45211527e-01
    2.57526070e-01 2.42554948e-01 2.21461803e-01 2.43374020e-01
    2.64091581e-01 2.60330498e-01 1.48807883e-01 1.60436034e-01
    1.57797486e-01</data></Per_View_Reprojection_Errors>
<!-- a set of 6-tuples (rotation vector + translation vector) for each view -->
<Extrinsic_Parameters type_id="opencv-matrix">
  <rows>25</rows>
  <cols>6</cols>
  <dt>d</dt>
  <data>
    -1.8245305957065922e-01 4.2620079688286761e-01
    -1.8232355419506910e-01 -1.1681815536428554e+02
    3.0834840928467436e+01 6.8940219930438343e+02
    -1.7667757066319364e-01 4.7986780342251101e-01
    -2.0675402925529043e-01 -1.1612834394519416e+02
    3.2233325314747027e+01 6.9254193734601859e+02
    -1.6369323512623582e-01 5.4995015031860428e-01
    -2.5398393400689745e-01 -1.1892457528496432e+02
    3.4137155720887243e+01 6.9173713771564701e+02
    -1.6069644632042901e-01 5.7779440365702361e-01
    -2.6752087726605422e-01 -1.2106408868970300e+02
    3.3492239812512295e+01 6.9030215807732304e+02
    -1.7082551372826060e-01 5.7813364837774717e-01
    -2.5532977430103893e-01 -1.2351418680166761e+02
    3.1988299154152330e+01 6.8743740793591599e+02
    -1.7923332483881144e-01 5.3483089095351677e-01
    -2.3552609904784239e-01 -1.2723035269195132e+02
    3.2133855164992632e+01 6.8351324758314365e+02
    -1.9725349927102159e-01 -4.6825008393351508e-01
    -1.3731729696306810e-01 -2.7505215218700511e+02
    -6.7153264585152442e+01 7.4769982520794565e+02
    -2.1209607112420020e-01 -5.3335536229500291e-01
    -1.4373743887391421e-01 -2.5353644578812049e+02
    -6.7966491645167139e+01 7.4980903375035950e+02
    -1.9833820642535419e-01 -5.1032225069777981e-01
    -1.5268588118952414e-01 -2.3395650667779330e+02
    -7.0395337344691342e+01 7.6589959521506023e+02
    -5.0823511880440472e-02 3.1577135623092095e-01
    -1.6208438374583287e-01 -2.4580523661587108e+02
    -6.9285572150006118e+01 8.9782172065874295e+02
    -1.5320594373598787e-01 -3.0439502675385882e-01
    -4.5143349561298556e-02 -2.0763030834689735e+02
    -9.3326992198342154e+01 8.1170431044119289e+02
    -1.5549362528990696e-01 -3.4162974014007924e-01
    -3.6575678498653480e-02 -2.0576571361835843e+02
    -9.3757725526118278e+01 8.0569427412754180e+02
    -1.5283547863289235e-01 -3.6924366294556199e-01
    -1.8823018382178008e-02 -2.0236955327497131e+02
    -9.3455534178764651e+01 8.0035042981034644e+02
    -1.5036136623052992e-01 -3.9392543360166271e-01
    -3.3294917713757346e-04 -1.9845286259425444e+02
    -9.1695799224997842e+01 7.9657780063326766e+02
    -1.4646061599939464e-01 -3.5867088767474803e-01
    3.5723974551685740e-03 -1.9923902548714273e+02
    -8.8633210143726529e+01 8.0042195617687582e+02
    -1.4060434562590737e-01 -2.9363924376006040e-01
    -5.7540563979907302e-03 -2.0204643363203209e+02
    -8.6332810449631339e+01 8.0677769346811397e+02
    -1.0099566659694220e-02 2.2830423174463119e-01
    -8.0637402558518229e-02 -2.0003487117408042e+02
    -8.3828291299807546e+01 8.5492327809780033e+02
    3.6744391902789428e-02 3.2628981761112119e-01
    -1.0483354622933007e-01 -1.9930410988410750e+02
    -8.2953264222163355e+01 8.6265671375048692e+02
    6.0683575580836466e-02 3.8321145586551625e-01
    -1.2221586145214977e-01 -2.0014208037449691e+02
    -8.1663018719240156e+01 8.6458414780530211e+02
    6.3263397110423003e-02 4.2408962623932345e-01
    -1.2143660898521005e-01 -2.0155018973727411e+02
    -7.7151340174212478e+01 8.6154307346618180e+02
    6.2861823104141443e-02 4.0856634213265292e-01
    -1.0051178784755586e-01 -2.0238396863062198e+02
    -7.1643680571935633e+01 8.5780523445957749e+02
    2.7060690113761637e-02 2.4020640825238415e-01 1.2287006495297760e-01
    -2.0033249660183878e+02 -7.9380374976439654e+01
    8.4070139097211518e+02 7.3641804224278060e-02 3.5211084395783639e-02
    4.7476554558059864e-01 -1.7869189496951884e+02
    -1.5929083064484516e+02 8.4267691511818828e+02
    1.7588095542410812e-01 8.8898003644963582e-03 4.6844771210617914e-01
    -1.7878016297955995e+02 -1.5141096622293580e+02
    8.3084446379348117e+02 1.9467683487262608e-01
    -2.8029018358749404e-03 4.7747487497527424e-01
    -1.7651919628844399e+02 -1.4699106124152317e+02
    8.2773512679737235e+02</data></Extrinsic_Parameters>
