<?xml version="1.0"?>
<opencv_storage>
<calibration_Time>"Fri 23 Jan 2015 11:46:47 AM EST"</calibration_Time>
<nrOfFrames>50</nrOfFrames>
<image_Width>640</image_Width>
<image_Height>480</image_Height>
<board_Width>8</board_Width>
<board_Height>6</board_Height>
<square_Size>26.</square_Size>
<flagValue>0</flagValue>
<Camera_Matrix type_id="opencv-matrix">
  <rows>3</rows>
  <cols>3</cols>
  <dt>d</dt>
  <data>
    7.2621888087176001e+02 0. 3.1016037363795249e+02 0.
    7.2582927086081406e+02 1.9697704712667448e+02 0. 0. 1.</data></Camera_Matrix>
<Distortion_Coefficients type_id="opencv-matrix">
  <rows>5</rows>
  <cols>1</cols>
  <dt>d</dt>
  <data>
    -3.9938614169105857e-01 1.0042347008134894e-01
    -5.2874230677474971e-04 -3.0137281673038724e-03
    1.2822303498923466e+00</data></Distortion_Coefficients>
<Avg_Reprojection_Error>1.8585232634734697e-01</Avg_Reprojection_Error>
<Per_View_Reprojection_Errors type_id="opencv-matrix">
  <rows>50</rows>
  <cols>1</cols>
  <dt>f</dt>
  <data>
    2.29121178e-01 2.10439116e-01 1.97753370e-01 2.10566238e-01
    2.32105955e-01 2.23907590e-01 2.09887981e-01 2.38307983e-01
    2.24590570e-01 2.52228796e-01 2.48723656e-01 2.33521149e-01
    2.28594542e-01 2.39924818e-01 2.38033712e-01 2.04609752e-01
    2.19246954e-01 2.44428948e-01 2.34941706e-01 1.48127422e-01
    1.13806553e-01 1.02902092e-01 1.10319570e-01 1.09864242e-01
    1.10911548e-01 1.16401963e-01 1.70673102e-01 1.75257668e-01
    1.74169019e-01 1.38441801e-01 1.16405085e-01 1.58483788e-01
    1.59933627e-01 1.44194886e-01 1.52599558e-01 1.53149828e-01
    1.56353265e-01 1.47219345e-01 1.90022647e-01 1.28333285e-01
    7.95660019e-02 7.54164308e-02 1.40054435e-01 1.85213313e-01
    2.21297979e-01 2.35575601e-01 2.12998509e-01 1.97938442e-01
    1.54641360e-01 1.60932466e-01</data></Per_View_Reprojection_Errors>
<!-- a set of 6-tuples (rotation vector + translation vector) for each view -->
<Extrinsic_Parameters type_id="opencv-matrix">
  <rows>50</rows>
  <cols>6</cols>
  <dt>d</dt>
  <data>
    -1.8420317250480156e-01 -4.5335756043525677e-01
    -1.3809228995444797e-01 -2.6601438289312995e+02
    -7.9874232739392085e+01 7.5021824148265932e+02
    -1.9574189805135203e-01 -4.9976341164844712e-01
    -1.4113430550469122e-01 -2.5489409252839050e+02
    -7.9966592449826649e+01 7.5099836268359070e+02
    -1.9640496066823276e-01 -5.1946493796627113e-01
    -1.4494638469117063e-01 -2.4455379617867058e+02
    -8.0675675904568962e+01 7.5263154920672287e+02
    -2.0192199352568777e-01 -5.2696994695290988e-01
    -1.5289622790941659e-01 -2.3511209090771476e+02
    -8.1680470097680924e+01 7.5740367410732961e+02
    -1.8462933682169366e-01 -4.9491134211070620e-01
    -1.5439074867913866e-01 -2.2484298649233031e+02
    -8.3299752040324009e+01 7.6876454652956818e+02
    -1.7547608860438846e-01 -4.2317519626457900e-01
    -1.5724173940306987e-01 -2.2431476709311730e+02
    -8.4299370836686563e+01 7.8017992616144591e+02
    -1.3703065371405038e-01 -1.7738167572393237e-01
    -3.6028547316280468e-02 -1.9988183071076824e+02
    -1.0396940484940960e+02 8.2828720248886168e+02
    -1.3942395917505584e-01 -2.8864893735072467e-01
    -4.5282182509622473e-02 -1.9797198016041060e+02
    -1.0695365352813138e+02 8.1439151640468253e+02
    -1.4097524320833021e-01 -3.2668875962167243e-01
    -3.7139460016521485e-02 -1.9618848215461247e+02
    -1.0729080048367891e+02 8.0816753723577290e+02
    -1.3730825499764621e-01 -3.5539696099473411e-01
    -1.9486983498037073e-02 -1.9280729690578309e+02
    -1.0690681752473067e+02 8.0256286436645996e+02
    -1.3458670792621585e-01 -3.7889936148022096e-01
    -1.6067218786672069e-03 -1.8901349886728840e+02
    -1.0502330195937753e+02 7.9901409393694200e+02
    -1.3235877658069517e-01 -3.4394025223678576e-01
    2.3250493495233135e-03 -1.8977920331761592e+02
    -1.0203032987292485e+02 8.0303268879548955e+02
    -1.2702010584507109e-01 -2.7831157251627059e-01
    -6.2396165460490106e-03 -1.9244954413402019e+02
    -9.9863209273413787e+01 8.0933962352891524e+02
    5.1189862808720399e-03 2.4008429925315378e-01
    -7.7711473608226903e-02 -1.8975563432189941e+02
    -9.8124024749321379e+01 8.5693937220640089e+02
    5.1373112279370345e-02 3.3713823070485849e-01
    -1.0114510306274704e-01 -1.8900459701616563e+02
    -9.7405921318745399e+01 8.6495158022966655e+02
    7.4596971145224539e-02 3.9347745565783876e-01
    -1.1814048314630550e-01 -1.8986326571780370e+02
    -9.6168524619895791e+01 8.6699900738342831e+02
    7.7202676772003195e-02 4.3411036995961616e-01
    -1.1745683504254857e-01 -1.9137991787511942e+02
    -9.1568597077414722e+01 8.6431159440672025e+02
    7.8109190661556485e-02 4.1980314247702316e-01
    -9.6197647440511000e-02 -1.9214701030791349e+02
    -8.6040955062002084e+01 8.6045443678046195e+02
    4.2708024118486995e-02 2.4791356004757589e-01 1.2561090108389728e-01
    -1.9033649756261653e+02 -9.3441797067767880e+01
    8.4312167780009781e+02 2.7365944756126498e-02 1.6885792887116527e-01
    2.8694356428880330e-01 -1.7957016027909364e+02
    -1.1304351904054811e+02 8.3395650625781707e+02
    9.5344997478299220e-02 4.1729503607397300e-02 4.7638466280632746e-01
    -1.6843536133730206e+02 -1.7336755965282478e+02
    8.4294038779500079e+02 1.9313309008785379e-01 1.3524007430124539e-02
    4.6870025564270679e-01 -1.6872791819029700e+02
    -1.6533382553747319e+02 8.3192165530094417e+02
    2.1504228008882945e-01 1.4813981029054902e-03 4.7827427947401474e-01
    -1.6634886183098919e+02 -1.6078212823740435e+02
    8.2796312470288547e+02 2.6703882078454294e-01
    -2.7984521914367781e-02 5.3531883970032657e-01
    -1.6244634841833604e+02 -1.5305334576147476e+02
    8.2069787898053255e+02 3.0635355524388092e-01
    -3.1843493325671123e-02 5.5533888959916045e-01
    -1.6700233591071276e+02 -1.4779378959642497e+02
    8.1989906871317464e+02 1.7953277243697630e-01
    -2.8891833181383140e-02 4.8757478035099211e-01
    -1.7710601121343609e+02 -1.5606310137964741e+02
    8.3305742134823970e+02 6.1013425503661761e-02 9.3288111938504351e-04
    1.1527270241760414e-01 -2.0275424427953681e+02
    -1.3597473154221754e+02 8.4744274239107540e+02
    1.1488412845434748e-01 -7.2557781568336381e-03
    6.0790419999137063e-02 -2.0554460963664673e+02
    -1.2272609083491976e+02 8.4055157435225306e+02
    2.0048480244582409e-01 -1.6740189568626378e-02
    -5.7496328434485745e-02 -2.1046052047298684e+02
    -1.0219943849930806e+02 8.2543560824947883e+02
    2.7320624193347964e-01 -2.0912843164336638e-02
    -1.4014043391950889e-01 -2.1245159312354033e+02
    -8.6528366318841407e+01 8.1186597284269317e+02
    3.4422839831375929e-01 -3.0861236255446563e-02
    -2.0929580435583203e-01 -2.1251481282627103e+02
    -6.7493037114988027e+01 7.9886085968529960e+02
    4.1926346755925514e-01 -1.0516416667731806e-02
    -3.0806464816007062e-01 -2.1173792133140759e+02
    -3.0894346903989693e+01 7.8494990850909960e+02
    4.5375908167767459e-01 3.6234190992754925e-03
    -3.6725014158957309e-01 -2.1277307170566144e+02
    -8.0107088977852889e+00 7.7875015539213473e+02
    4.7416907050019125e-01 1.8164823475039629e-02
    -4.4948435756246785e-01 -2.1825690929031788e+02
    1.7831556314488417e+01 7.7394007063428251e+02 4.7001731145646580e-01
    3.6608889126008799e-02 -4.9279869899386680e-01
    -2.2318654635411517e+02 3.0397157811276063e+01
    7.7493286378995560e+02 4.7273960886541411e-01 4.6775897057500015e-02
    -5.1519602964990752e-01 -2.2699058580570551e+02
    3.5366685346263694e+01 7.7597225534272764e+02 4.1775409207609626e-01
    4.0306704881041128e-02 -4.3572903889328829e-01
    -2.2981183847657775e+02 2.1649914179469118e+01
    7.7180860687078064e+02 3.1451268789156916e-01 2.8100608940690514e-02
    -2.7817100627120267e-01 -2.2759864594103334e+02
    4.8940061614902058e-01 7.6635745402680584e+02 1.7678886056694187e-01
    -2.4827998833420290e-04 2.0719002757092022e-03
    -2.1527563400273780e+02 -3.2880728735238023e+01
